1747073
1747080
1747103
1747105
1747109
1747117
1747125
1747127
1747136
1747140
1747170
1747176
1762458
1801476
1801590
1801608
1801614
1801664
1801666
1802682
1802684
1951518
1958001
1958002
1958003
1958004
1958005
1958006
1958007
1958008
1958009
1958010
1958011
1958012
1958013
1958014
1958015
1958016
1958017
1958018
1958019
1958020
1958021
1958022
1958023
1958024
1958025
1958026
1958027
1958028
1958029
1958030
1958031
1958032
1958033
1958034
1958035
1958036
1958037
1958039
1958041
1958043
1958045
1958047
1958049
1958051
1958055
1958057
1958061
1958065
1958067
1958069
1958079
1958081
1958091
1958099
1992412
1998485
1998486
1998487
1998488
1998489
1998490
1998491
1998492
1998493
1998494
1998495
1998496
1998497
1998498
1998499
1998500
1998501
1998502
1998503
1998504
1998505
1998506
1998507
1998508
1998509
1998510
1998511
1998512
1998513
1998514
1998515
1998516
1998517
1998518
1998519
1998520
1998521
1998522
1998523
1998524
1998525
1998526
1998527
1998528
1998529
1998530
1998531
1998532
1998533
1998534
1998535
1998536
1998537
1998538
1998539
1998540
1998541
1998542
1998543
1998544
1998545
1998546
1998547
1998548
1998549
1998550
1998551
1998552
1998553
1998554
1998555
1998556
1998557
1998558
1998559
1998560
1998561
1998562
1998563
1998564
1998565
1998566
1998567
1998568
1998569
1998570
1998571
1998572
1998573
1998574
1998575
1998576
1998577
1998578
1998579
1998580
1998581
1998582
1998583
1998584
1998585
1998586
1998587
1998588
1998589
1998590
1998591
1998592
1998593
1998594
1998595
1998596
1998597
1998598
1998599
1998600
1998601
1998602
1998603
1998604
1998605
1998606
1998607
1998608
1998609
1998610
1998611
1998612
1998613
1998614
1998615
1998616
1998617
1998618
1998619
1998620
1998621
1998622
1998623
1998624
1998625
1998626
1998627
1998628
1998629
1998630
1998631
1998632
1998633
1998634
1998635
1998636
1998637
1998638
1998639
1998640
1998641
1998642
1998643
1998644
1998645
1998646
1998647
1998648
1998649
1998650
1998651
1998652
1998653
1998654
1998655
1998656
1998657
1998658
1998659
1998660
1998661
1998662
1998663
1998664
1998665
1998666
1998667
1998668
1998669
1998670
1998671
1998672
1998673
1998674
1998675
1998676
1998677
1998678
1998679
1998680
1998681
1998682
1998683
1998684
1998685
1998686
1998687
1998688
1998689
1998690
1998691
1998692
1998693
1998694
1998695
1998696
1998697
1998698
1998699
1998700
1998701
1998702
1998703
1998704
1998705
1998706
1998707
1998708
1998709
1998710
1998711
1998712
1998713
1998714
1998715
1998716
1998717
1998718
1998719
1998720
1998721
1998722
1998723
1998724
1998725
1998726
1998727
1998728
1998729
1998730
1998731
1998732
1998733
1998734
1998735
1998736
1998737
1998738
1998739
1998740
1998741
1998742
1998743
1998744
1998745
1998746
1998747
1998748
1998749
1998750
1998751
1998752
1998753
1998754
1998755
1998756
1998757
1998758
1998759
1998760
1998761
1998762
1998763
1998764
1998765
1998766
1998767
1998768
1998769
1998770
1998771
1998772
1998773
1998774
1998775
1998776
1998777
1998778
1998779
1998780
1998781
1998782
1998783
1998784
1998785
1998786
1998787
1998788
1998789
1998790
1998791
1998792
1998793
1998794
1998795
1998796
1998797
1998798
1998799
1998800
1998801
1998802
1998803
1998804
1998805
1998806
1998807
1998808
1998809
1998810
1998811
1998812
1998813
1998814
1998815
1998816
1998817
1998818
1998819
1998820
1998821
1998822
1998823
1998824
1998825
1998826
1998827
1998828
1998829
1998830
1998831
1998832
1998833
1998834
1998835
1998836
1998837
1998838
1998839
1998840
1998841
1998842
1998843
1998844
1998845
1998846
1998847
1998848
1998849
1998850
1998851
1998852
1998853
1998854
1998855
1998856
1998857
1998858
1998859
1998860
1998861
1998862
1998863
1998864
1998865
1998866
1998867
1998868
1998869
1998870
1998871
1998872
1998873
1998874
1998875
1998876
1998877
1998878
1998879
1998880
1998881
1998882
1998883
1998884
1998885
1998886
1998887
1998888
1998889
1998890
1998891
1998892
1998893
1998894
1998895
1998896
1998897
1998898
1998899
1998900
1998901
1998902
1998903
1998904
1998905
1998906
1998907
1998908
1998909
1998910
1998911
1998912
1998913
1998914
1998915
1998916
1998917
1998918
1998919
1998920
1998921
1998922
1998923
1998924
1998925
1998926
1998927
1998928
1998929
1998930
1998931
1998932
1998933
1998934
1998935
1998936
1998937
1998938
1998939
1998940
1998941
1998942
1998943
1998944
1998945
1998946
1998947
1998948
1998949
1998950
1998951
1998952
1998953
1998954
1998955
1998956
1998957
1998958
1998959
1998960
1998961
1998962
1998963
1998964
1998965
1998966
1998967
1998968
1998969
1998970
1998971
1998972
1998973
1998974
1998975
1998976
1998977
1998978
1998979
1998980
1998981
1998982
1998983
1998984
1998985
1998986
1998987
1998988
1998989
1998990
1998991
1998992
1998993
1998994
1998995
1998996
1998997
1998998
1998999
1999000
1999001
1999002
1999003
1999004
1999005
1999006
1999007
1999008
1999009
1999010
1999011
1999012
1999013
1999014
1999015
1999016
1999017
1999018
1999019
1999020
1999021
1999022
1999023
1999024
1999025
1999026
1999027
1999028
1999029
1999030
1999031
1999032
1999033
1999034
1999035
1999036
1999037
1999038
1999039
1999040
1999041
1999042
1999043
1999044
1999045
1999046
1999047
1999048
1999049
1999050
1999051
1999052
1999053
1999054
1999055
1999056
1999057
1999058
1999059
1999060
1999061
1999062
1999063
1999064
1999065
1999066
1999067
1999068
1999069
1999070
1999071
1999072
1999073
1999074
1999075
1999076
1999077
1999078
1999079
1999080
1999081
1999082
1999083
1999084
1999085
1999086
1999087
1999088
1999089
1999090
1999091
1999092
1999093
1999094
1999095
1999096
1999097
1999098
1999099
1999100
1999101
1999102
1999103
1999104
1999105
1999106
1999107
1999108
1999109
1999110
1999111
1999112
1999113
1999114
1999115
1999116
1999117
1999118
1999119
1999120
1999121
1999122
1999123
1999124
1999125
1999126
1999127
1999128
1999129
1999130
1999131
1999132
1999133
1999134
1999135
1999136
1999137
1999138
1999139
1999140
1999141
1999142
1999143
1999144
1999145
1999146
1999147
1999148
1999149
1999150
1999151
1999152
1999153
1999154
1999155
1999156
1999157
1999158
1999159
1999160
1999161
1999162
1999163
1999164
1999165
1999166
1999167
1999168
1999169
1999170
1999171
1999172
1999173
1999174
1999175
1999176
1999177
1999178
1999179
1999180
1999181
1999182
1999183
1999184
1999185
1999186
1999187
1999188
1999189
1999190
1999191
1999192
1999193
1999194
1999195
1999196
1999197
1999198
1999199
1999200
1999201
1999202
1999203
1999204
1999205
1999206
1999207
1999208
1999209
1999210
1999211
1999212
1999213
1999214
1999215
1999216
1999217
1999218
1999219
1999220
1999221
1999222
1999223
1999224
1999225
1999226
1999227
1999228
1999229
1999230
1999231
1999232
1999233
1999234
1999235
1999236
1999237
1999238
1999239
1999240
1999241
1999242
1999243
1999244
1999245
1999246
1999247
1999248
1999249
1999250
1999251
1999252
1999253
1999254
1999255
1999256
1999257
1999258
1999259
1999260
1999261
1999262
1999263
1999264
1999265
1999266
1999267
1999268
1999269
1999270
1999271
1999272
1999273
1999274
1999275
1999276
1999277
1999278
1999279
1999280
1999281
1999282
1999283
1999284
1999285
1999286
1999287
1999288
1999289
1999290
1999291
1999292
1999293
1999294
1999295
1999296
1999297
1999298
1999299
1999300
1999301
1999302
1999303
1999304
1999305
1999306
1999307
1999308
1999309
1999310
1999311
1999312
1999313
1999314
1999315
1999316
1999317
1999318
1999319
1999320
1999321
1999322
1999323
1999324
1999325
1999326
1999327
1999328
1999329
1999330
1999331
1999332
1999333
1999334
1999335
1999336
1999337
1999338
1999339
1999340
1999341
1999342
1999343
1999344
1999345
1999346
1999347
1999348
1999349
1999350
1999351
1999352
1999353
1999354
1999355
1999356
1999357
1999358
1999359
1999360
1999361
1999362
1999363
1999364
1999365
1999366
1999367
1999368
1999369
1999370
1999371
1999372
1999373
1999374
1999375
1999376
1999377
1999378
1999379
1999380
1999381
1999382
1999383
1999384
1999385
1999386
1999387
1999388
1999389
1999390
1999391
1999392
1999393
1999394
1999395
1999396
1999397
1999398
1999399
1999400
1999401
1999402
1999403
1999404
1999405
1999406
1999407
1999408
1999409
1999410
1999411
1999412
1999413
1999414
1999415
1999416
1999417
1999418
1999419
1999420
1999421
1999422
1999423
1999424
1999425
1999426
1999427
1999428
1999429
1999430
1999431
1999432
1999433
1999434
1999435
1999436
1999437
1999438
1999439
1999440
1999441
1999442
1999443
1999444
1999445
1999446
1999447
1999448
1999449
1999450
1999451
1999452
1999453
1999454
1999455
1999456
1999457
1999458
1999459
1999460
1999461
1999462
1999463
1999464
1999465
1999466
1999467
1999468
1999469
1999470
1999471
1999472
1999473
1999474
1999475
1999476
1999477
1999478
1999479
1999480
1999481
1999482
1999483
1999484
1999485
1999486
1999487
1999488
1999489
1999490
1999491
1999492
1999493
1999494
1999495
1999496
1999497
1999498
1999499
1999500
1999501
1999502
1999503
1999504
1999505
1999506
1999507
1999508
1999509
1999510
1999511
1999512
1999513
1999514
1999515
1999516
1999517
1999518
1999519
1999520
1999521
1999522
1999523
1999524
1999525
1999526
1999527
1999528
1999529
1999530
1999531
1999532
1999533
1999534
1999535
1999536
1999537
1999538
1999539
1999540
1999541
1999542
1999543
1999544
1999545
1999546
1999547
1999548
1999549
1999550
1999551
1999552
1999553
1999554
1999555
1999556
1999557
1999558
1999559
1999560
1999561
1999562
1999563
1999564
1999565
1999566
1999567
1999568
1999569
1999570
1999571
1999572
1999573
1999574
1999575
1999576
1999577
1999578
1999579
1999580
1999581
1999582
1999583
1999584
1999585
1999586
1999587
1999588
1999589
1999590
1999591
1999592
1999593
1999594
1999595
1999596
1999597
1999598
1999599
1999600
1999601
1999602
1999603
1999604
1999605
1999606
1999607
1999608
1999609
1999610
1999611
1999612
1999613
1999614
1999615
1999616
1999617
1999618
1999619
1999620
1999621
1999622
1999623
1999624
1999625
1999626
1999627
1999628
1999629
1999630
1999631
1999632
1999633
1999634
1999635
1999636
1999637
1999638
1999639
1999640
1999641
1999642
1999643
1999644
1999645
1999646
1999647
1999648
1999649
1999650
1999651
1999652
1999653
1999654
1999655
1999656
1999657
1999658
1999659
1999660
1999661
1999662
1999663
1999664
1999665
1999666
1999667
1999668
1999669
1999670
1999671
1999672
1999673
1999674
1999675
1999676
1999677
1999678
1999679
1999680
1999681
1999682
1999683
1999684
1999685
1999686
1999687
1999688
1999689
1999690
1999691
1999692
1999693
1999694
1999695
1999696
1999697
1999698
1999699
1999700
1999701
1999702
1999703
1999704
1999705
1999706
1999707
1999708
1999709
1999710
1999711
1999712
1999713
1999714
1999715
1999716
1999717
1999718
1999719
1999720
1999721
1999722
1999723
1999724
1999725
1999726
1999727
1999728
1999729
1999730
1999731
1999732
1999733
1999734
1999735
1999736
1999737
1999738
1999739
1999740
1999741
1999742
1999743
1999744
1999745
1999746
1999747
1999748
1999749
1999750
1999751
1999752
1999753
1999754
1999755
1999756
1999757
1999758
1999759
1999760
1999761
1999762
1999763
1999764
1999765
1999766
1999767
1999768
1999769
1999770
1999771
1999772
1999773
1999774
1999775
1999776
1999777
1999778
1999779
1999780
1999781
1999782
1999783
1999784
1999785
1999786
1999787
1999788
1999789
1999790
1999791
1999792
1999793
1999794
1999795
1999796
1999797
1999798
1999799
1999800
1999801
1999802
1999803
1999804
1999805
1999806
1999807
1999808
1999809
1999810
1999811
1999812
1999813
1999814
1999815
1999816
1999817
1999818
1999819
1999820
1999821
1999822
1999823
1999824
1999825
1999826
1999827
1999828
1999829
1999830
1999831
1999832
1999833
1999834
1999835
1999836
1999837
1999838
1999839
1999840
1999841
1999842
1999843
1999844
1999845
1999846
1999847
1999848
1999849
1999850
1999851
1999852
1999853
1999854
1999855
1999856
1999857
1999858
1999859
1999860
1999861
1999862
1999863
1999864
1999865
1999866
1999867
1999868
1999869
1999870
1999871
1999872
1999873
1999874
1999875
1999876
1999877
1999878
1999879
1999880
1999881
1999882
1999883
1999884
1999885
1999886
1999887
1999888
1999889
1999890
1999891
1999892
1999893
1999894
1999895
1999896
1999897
1999898
1999899
1999900
1999901
1999902
1999903
1999904
1999905
1999906
1999907
1999908
1999909
1999910
1999911
1999912
1999913
1999914
1999915
1999916
1999917
1999918
1999919
1999920
1999921
1999922
1999923
1999924
1999925
1999926
1999927
1999928
1999929
1999930
1999931
1999932
1999933
1999934
1999935
1999936
1999937
1999938
1999939
1999940
1999941
1999942
1999943
1999944
1999945
1999946
1999947
1999948
1999949
1999950
1999951
1999952
1999953
1999954
1999955
1999956
1999957
1999958
1999959
1999960
1999961
1999962
1999963
1999964
1999965
1999966
1999967
1999968
1999969
1999970
1999971
1999972
1999973
1999974
1999975
1999976
1999977
1999978
1999979
1999980
1999981
1999982
1999983
1999984
1999985
1999986
1999987
1999988
1999989
1999990
1999991
1999992
1999993
1999994
1999995
1999996
1999997
1999998
1999999
